Izvestaj o ispitivanju materijala u mehanickoj laboratoriji 

OPŠTI PODACI
Operator : test
Br. zb. izveštaja : 20160110
Br. uzorka : 18/1
Šarža : sarza1
Radni nalog : nal1
Naručilac : narucilac1

USLOVI ISPITIVANJA
Standard : iso222
Metoda : met1
Standard za n : n1
Mašina : masina1
Temperatura : 28
Ekstenziometar : NE

MATERIJAL ISPITIVANJA
Proizvodjač : Merkantile
Dobavljač : dob1
Polazni kvalitet : metal
Nazivna debljina : 20x50mm
Način prerade : Liveni

EPRUVETA
Oblik : Obradjena
Tip : Proporcionalna
k : 5.65
Vrsta epruvete : Kružni
S0 : 1.227
L0 : 50
Lc : 75

POLOŽAJ EPRUVETE U ODNOSU NA
Pravac valjanja : 0
Širina trake : 20
Dužina trake : 50


Napomena : napomena


Broj zapisa :  
Sila	a   
-00080	0
-00080	0
-00080	0
-00080	0
-00080	0
-00080	0
-00080	0
-00080	0
-00080	0
-00080	0
-00080	0
-00080	0
-00080	0
-00080	0
-00080	0
-00080	0
-00080	0
-00080	0
-00080	0
-00080	0
-00080	0
-00080	0
-00080	0
-00080	0
-00080	0
-00080	0
-00080	0
-00080	0
-00080	0
-00080	0
-00080	0
-00080	0
-00080	0
-00080	0
-00080	0
-00080	0
-00080	0
-00080	0
-00080	0
-00080	0
-00080	0
-00080	0
-00080	0
-00080	0
-00080	0
-00080	0
-00080	0
-00080	0
-00080	0
-00080	0
-00080	0
-00080	0
-00080	0
-00080	0
-00080	0
-00080	0
-00080	0
-00080	0
-00080	0
-00080	0
-00080	0
-00080	0
-00080	0
-00080	0
-00080	0
-00080	0
-00080	0
-00080	0
-00080	0
-00080	0
-00080	0
-00080	0
-00080	0
-00080	0
-00080	0
-00080	0
-00080	0
-00080	0
-00080	0
-00080	0
-00080	0
-00080	0
-00080	0
-00080	0
-00080	0
-00080	0
-00080	0
-00080	0
-00080	0
-00080	0
-00080	0
-00080	0
-00080	0
-00080	0
-00080	0
-00080	0
-00080	0
-00080	0
-00080	0
-00080	0
-00080	0
-00080	0
-00080	0
-00080	0
-00080	0
-00080	0
-00080	0
-00080	0
-00080	0
-00080	0
-00080	0
-00080	0
-00080	0
-00080	0
-00080	0
-00080	0
-00080	0
-00080	0
-00080	0
-00080	0
-00080	0
-00080	0
-00080	0
-00080	0
-00080	0
-00080	0
-00080	0
-00080	0
-00080	0
-00080	0
-00080	0
-00080	0
-00080	0
-00080	0
-00080	0
-00080	0
-00080	0
-00080	0
-00080	0
-00080	0
-00080	0
-00080	0
-00080	0
-00080	0
-00080	0
-00080	0
-00080	0
-00080	0
-00080	0
-00080	0
-00080	0
-00080	0
-00080	0
-00080	0
-00080	0
-00080	0
-00080	0
-00080	0
-00080	0
-00080	0
-00080	0
-00080	0
-00080	0
-00080	0
-00075	0
-00075	0
-00075	0
-00075	0
-00075	0
-00075	0
-00070	0
-00070	0
-00070	0
-00070	0
-00070	0
-00070	0
-00070	0
-00070	0
-00070	0
-00065	0
-00065	1
-00065	1
-00065	1
-00065	1
-00065	1
-00065	1
-00065	1
-00065	1
-00065	1
-00065	1
-00065	2
-00065	2
-00060	2
-00060	2
-00060	2
-00060	2
-00060	2
-00060	2
-00060	2
-00060	2
-00060	3
-00060	3
-00060	3
-00055	3
-00055	3
-00055	3
-00055	3
-00055	3
-00055	3
-00055	3
-00055	3
-00055	3
-00055	3
-00055	4
-00055	4
-00055	4
-00055	4
-00055	4
-00055	4
-00050	4
-00050	4
-00050	4
-00050	4
-00050	4
-00050	4
-00050	4
-00050	4
-00050	4
-00050	4
-00050	4
-00050	5
-00050	5
-00050	5
-00050	5
-00050	5
-00050	5
-00050	5
-00050	5
-00050	5
-00050	5
-00050	5
-00050	5
-00050	5
-00050	5
-00050	5
-00050	5
-00050	6
-00050	6
-00050	6
-00045	6
-00045	6
-00045	6
-00045	6
-00045	6
-00045	6
-00045	6
-00045	6
-00045	7
-00045	7
-00045	7
-00045	7
-00040	7
-00040	7
-00045	7
-00040	7
-00040	7
-00040	7
-00040	7
-00040	7
-00040	8
-00040	8
-00040	8
-00040	8
-00040	8
-00040	8
-00040	8
-00040	8
-00040	8
-00040	8
-00040	8
-00035	8
-00035	9
-00035	9
-00035	9
-00035	9
-00035	9
-00035	10
-00035	10
-00035	10
-00030	10
-00030	10
-00030	11
-00030	11
-00030	11
-00030	11
-00030	11
-00025	11
-00025	11
-00025	12
-00025	12
-00020	13
-00020	13
-00020	13
-00020	13
-00020	13
-00015	14
-00015	14
-00015	14
-00015	14
-00015	15
-00010	15
-00010	16
-00010	16
-00010	16
-00010	16
-00010	16
-00005	17
-00005	18
-00005	18
000000	18
000000	18
000000	18
000000	18
000000	18
000000	19
000000	19
000000	19
000000	19
000000	20
000000	20
000000	20
000000	20
000005	21
000005	21
000005	21
000005	21
000010	22
000010	22
000010	22
000010	23
000015	23
000015	23
000015	23
000015	24
000015	24
000015	24
000015	24
000020	25
000020	25
000020	25
000020	26
000020	26
000025	26
000025	26
000025	26
000025	27
000025	27
000025	27
000025	27
000030	27
000030	28
000030	28
000030	28
000030	29
000030	29
000035	29
000035	29
000035	30
000035	30
000035	30
000035	30
000035	30
000035	30
000035	30
000040	31
000040	31
000040	31
000040	31
000040	31
000040	31
000040	32
000040	32
000040	32
000040	32
000040	32
000045	32
000045	32
000045	32
000045	33
000045	33
000045	33
000045	33
000045	33
000045	33
000045	33
000045	33
000045	34
000045	34
000045	34
000045	34
000050	34
000050	34
000050	34
000050	34
000050	34
000050	34
000050	34
000050	35
000050	35
000050	35
000050	35
000050	35
000050	35
000050	35
000050	36
000050	36
000050	36
000055	36
000055	36
000055	36
000055	37
000055	37
000055	37
000055	37
000055	37
000055	38
000055	38
000055	38
000060	38
000060	38
000060	38
000060	38
000060	39
000060	39
000060	39
000060	39
000060	39
000060	40
000060	40
000065	40
000065	40
000065	40
000065	41
000065	41
000065	41
000065	41
000065	41
000070	41
000070	42
000070	42
000070	42
000070	42
000070	42
000070	42
000070	42
000070	43
000070	43
000070	43
000070	43
000075	43
000075	43
000075	44
000075	44
000075	44
000075	44
000075	44
000075	44
000075	44
000075	45
000075	45
000075	45
000075	45
000075	45
000075	45
000080	45
000080	46
000080	46
000080	46
000080	46
000080	46
000080	46
000080	47
000080	47
000080	47
000080	47
000080	47
000085	47
000085	48
000085	48
000085	48
000085	48
000085	48
000085	48
000085	48
000085	48
000085	49
000085	49
000085	49
000085	49
000090	49
000090	49
000090	50
000090	50
000090	50
000090	50
000090	50
000090	50
000090	50
000090	50
000090	50
000090	51
000090	51
000090	51
000090	51
000090	51
000095	51
000095	52
000095	52
000095	52
000095	52
000095	52
000095	52
000095	52
000095	52
000095	53
000095	53
000095	53
000095	53
000095	53
000095	53
000100	54
000100	54
000100	54
000100	54
000100	54
000100	54
000100	54
000100	55
000100	55
000100	55
000100	55
000100	55
000100	56
000100	56
000100	56
000100	56
000105	56
000105	56
000105	57
000105	57
000105	57
000105	57
000105	58
000105	58
000105	58
000110	58
000110	58
000110	59
000110	59
000110	59
000110	59
000110	59
000110	59
000110	60
000110	60
000110	60
000110	60
000110	60
000110	61
000115	61
000115	61
000115	61
000115	61
000115	61
000115	62
000115	62
000115	62
000115	62
000115	62
000115	62
000115	62
000115	62
000115	63
000115	63
000115	63
000115	63
000115	63
000115	63
000115	63
000115	63
000115	63
000115	64
000115	64
000115	64
000115	64
000115	64
000115	64
000120	64
000120	64
000120	64
000120	64
000120	64
000120	64
000120	64
000120	64
000120	65
000120	65
000120	65
000120	65
000120	65
000120	65
000120	65
000120	65
000120	65
000120	65
000120	65
000120	65
000120	65
000120	65
000120	65
000120	65
000120	66
000120	66
000120	66
000120	66
000120	66
000120	66
000120	66
000120	66
000120	66
000120	66
000120	66
000120	66
000120	66
000120	67
000120	67
000120	67
000120	67
000120	67
000120	67
000120	67
000120	68
000120	68
000120	68
000120	68
000120	68
000120	68
000120	69
000125	69
000125	69
000125	69
000125	69
000125	70
000125	70
000125	70
000125	70
000125	70
000125	70
000125	70
000125	71
000125	71
000125	71
000125	71
000125	71
000125	71
000130	72
000130	72
000130	72
000130	72
000130	72
000130	72
000130	73
000130	73
000130	73
000130	73
000130	73
000130	74
000130	74
000130	74
000130	74
000130	74
000130	74
000130	74
000130	75
000130	75
000135	75
000135	75
000135	76
000135	76
000135	76
000135	76
000135	76
000135	76
000135	77
000135	77
000135	77
000135	77
000135	77
000135	77
000135	78
000135	78
000135	78
000135	78
000135	78
000140	78
000140	78
000140	78
000140	78
000140	78
000140	78
000140	78
000140	79
000140	79
000140	79
000140	79
000140	79
000140	79
000140	79
000140	79
000140	79
000140	79
000140	80
000140	80
000140	80
000140	80
000140	80
000140	80
000140	80
000140	80
000140	80
000140	80
000140	80
000140	80
000140	81
000140	81
000140	81
000140	81
000140	81
000140	81
000140	81
000140	81
000140	81
000140	81
000140	82
000140	82
000145	82
000145	82
000145	82
000145	82
000145	82
000145	82
000145	82
000145	82
000145	83
000145	83
000145	83
000145	83
000145	83
000145	83
000145	83
000145	84
000145	84
000145	84
000145	84
000145	84
000145	84
000145	84
000145	84
000145	85
000150	85
000150	85
000150	85
000150	85
000150	85
000150	85
000150	85
000150	86
000150	86
000150	86
000150	86
000150	86
000150	86
000150	86
000150	87
000150	87
000150	87
000150	87
000150	87
000150	87
000155	88
000155	88
000155	88
000155	88
000155	88
000155	88
000155	88
000155	88
000155	88
000155	89
000155	89
000155	89
000155	89
000155	89
000155	89
000155	89
000155	89
000155	89
000155	89
000155	90
000155	90
000155	90
000155	90
000155	90
000155	90
000155	90
000160	90
000160	90
000160	90
000160	90
000160	91
000160	91
000160	91
000160	91
000160	91
000160	91
000160	91
000160	91
000160	91
000160	91
000160	91
000160	91
000160	92
000160	92
000160	92
000160	92
000160	92
000160	92
000160	92
000160	92
000160	92
000160	92
000160	93
000160	93
000165	93
000165	93
000165	93
000165	93
000165	93
000165	93
000165	94
000165	94
000165	94
000165	94
000165	94
000165	94
000165	94
000165	95
000170	95
000170	95
000170	95
000170	95
000170	95
000170	96
000170	96
000170	96
000170	96
000175	96
000175	96
000175	97
000175	97
000175	97
000175	97
000180	98
000180	98
000180	98
000180	98
000180	98
000180	98
000180	99
000185	99
000185	99
000185	99
000185	100
000185	100
000185	100
000190	100
000190	101
000190	101
000190	101
000190	101
000195	101
000195	102
000195	102
000195	102
000195	102
000195	102
000195	103
000195	103
000200	103
000200	103
000200	103
000200	104
000200	104
000200	104
000200	104
000200	104
000205	104
000205	105
000205	105
000205	105
000205	105
000205	105
000205	106
000210	106
000210	106
000210	106
000210	106
000210	106
000210	107
000210	107
000215	107
000215	107
000215	107
000215	108
000215	108
000215	108
000215	108
000220	109
000220	109
000220	109
000220	109
000220	110
000225	110
000225	110
000225	110
000225	110
000225	111
000225	111
000230	111
000230	111
000230	112
000230	112
000235	112
000235	112
000235	112
000235	113
000235	113
000235	113
000240	114
000240	114
000240	114
000240	114
000245	114
000245	114
000245	114
000245	115
000245	115
000245	115
000245	115
000250	115
000250	116
000250	116
000250	116
000250	116
000250	116
000250	116
000255	116
000255	117
000255	117
000255	117
000255	117
000255	118
000255	118
000255	118
000260	118
000260	118
000260	118
000260	118
000260	119
000260	119
000265	119
000265	119
000265	119
000265	119
000265	120
000265	120
000265	120
000265	120
000270	120
000270	121
000270	121
000270	121
000270	121
000270	121
000270	121
000270	122
000275	122
000275	122
000275	122
000275	122
000275	122
000275	122
000280	123
000280	123
000280	123
000280	123
000280	123
000280	123
000280	124
000285	124
000285	124
000285	124
000285	124
000285	125
000285	125
000285	125
000290	125
000290	125
000290	125
000290	126
000290	126
000290	126
000290	126
000295	126
000295	126
000295	127
000295	127
000295	127
000295	127
000300	127
000300	128
000300	128
000300	128
000300	128
000300	128
000305	129
000305	129
000305	129
000305	129
000305	129
000305	130
000310	130
000310	130
000310	130
000310	130
000310	131
000310	131
000310	131
000315	131
000315	131
000315	131
000315	132
000315	132
000315	132
000320	132
000320	132
000320	133
000320	133
000320	133
000320	133
000320	133
000320	133
000325	133
000325	133
000325	134
000325	134
000325	134
000325	134
000325	134
000325	134
000325	134
000325	134
000325	135
000330	135
000330	135
000330	135
000330	135
000330	135
000330	136
000330	136
000335	136
000335	136
000335	137
000335	137
000335	137
000340	137
000340	137
000340	138
000340	138
000340	138
000345	138
000345	139
000345	139
000345	139
000345	139
000345	139
000350	140
000350	140
000350	140
000350	140
000350	140
000350	141
000355	141
000355	141
000355	141
000355	141
000355	142
000355	142
000355	142
000360	142
000360	143
000360	143
000360	143
000360	143
000365	144
000365	144
000365	144
000365	144
000365	144
000365	144
000370	145
000370	145
000370	145
000370	145
000370	145
000370	146
000370	146
000375	146
000375	146
000375	146
000375	146
000375	146
000375	146
000375	147
000375	147
000375	147
000375	147
000380	147
000380	147
000380	147
000380	148
000380	148
000380	148
000380	148
000380	148
000380	148
000380	148
000380	148
000380	148
000380	148
000380	149
000380	149
000380	149
000385	149
000385	149
000385	149
000385	149
000385	149
000385	149
000385	150
000385	150
000385	150
000385	150
000385	150
000385	150
000385	150
000385	150
000390	150
000390	150
000390	150
000390	151
000390	151
000390	151
000390	151
000390	151
000390	151
000390	151
000390	151
000395	151
000395	152
000395	152
000395	152
000395	152
000395	152
000395	152
000395	152
000395	152
000395	153
000395	153
000400	153
000400	153
000400	153
000400	153
000400	153
000400	154
000400	154
000400	154
000400	154
000405	154
000405	154
000405	154
000405	154
000405	155
000405	155
000405	155
000405	155
000410	155
000410	155
000410	155
000410	156
000410	156
000410	156
000410	156
000410	156
000410	156
000415	157
000415	157
000415	157
000415	157
000415	157
000415	157
000415	158
000420	158
000420	158
000420	158
000420	158
000420	158
000420	158
000420	159
000425	159
000425	159
000425	159
000425	159
000425	159
000425	160
000425	160
000425	160
000430	160
000430	160
000430	160
000430	160
000430	161
000430	161
000430	161
000430	161
000430	161
000430	161
000435	162
000435	162
000435	162
000435	162
000435	162
000435	162
000435	162
000435	162
000435	163
000435	163
000440	163
000440	163
000440	163
000440	163
000440	164
000440	164
000440	164
000445	164
000445	164
000445	165
000445	165
000445	165
000445	165
000445	165
000450	166
000450	166
000450	166
000450	166
000450	166
000450	166
000455	167
000455	167
000455	167
000455	167
000455	168
000455	168
000460	168
000460	168
000460	168
000460	169
000460	169
000465	169
000465	169
000465	170
000465	170
000465	170
000465	170
000470	170
000470	170
000470	171
000470	171
000475	171
000475	171
000475	172
000475	172
000475	172
000475	172
000480	172
000480	173
000480	173
000480	173
000480	173
000480	173
000480	173
000485	174
000485	174
000485	174
000485	174
000485	174
000485	174
000485	174
000485	175
000485	175
000485	175
000490	175
000490	175
000490	175
000490	175
000490	175
000490	176
000490	176
000490	176
000490	176
000490	176
000490	176
000490	176
000490	176
000495	176
000495	177
000495	177
000495	177
000495	177
000495	177
000495	177
000495	177
000495	177
000495	177
000495	177
000495	177
000495	177
000495	178
000495	178
000495	178
000495	178
000495	178
000495	178
000500	178
000500	178
000500	178
000500	178
000500	178
000500	178
000500	178
000500	179
000500	179
000500	179
000500	179
000500	179
000500	179
000500	179
000500	179
000500	179
000505	179
000505	179
000505	179
000505	180
000505	180
000505	180
000505	180
000505	180
000505	180
000505	180
000505	180
000510	180
000510	180
000510	181
000510	181
000510	181
000510	181
000510	181
000510	181
000515	181
000515	182
000515	182
000515	182
000515	182
000515	182
000515	182
000520	182
000520	183
000520	183
000520	183
000520	183
000525	183
000525	183
000525	184
000525	184
000525	184
000525	184
000530	184
000530	184
000530	185
000530	185
000530	185
000530	185
000535	185
000535	185
000535	186
000535	186
000535	186
000535	186
000535	186
000535	186
000540	186
000540	186
000540	187
000540	187
000540	187
000540	187
000545	187
000545	188
000545	188
000545	188
000545	188
000545	188
000545	188
000550	188
000550	188
000550	189
000550	189
000550	189
000550	189
000550	189
000550	189
000550	190
000555	190
000555	190
000555	190
000555	190
000555	190
000555	190
000555	191
000560	191
000560	191
000560	191
000560	191
000560	191
000560	191
000560	192
000565	192
000565	192
000565	192
000565	192
000565	192
000565	192
000570	193
000570	193
000570	193
000570	193
000570	193
000570	194
000575	194
000575	194
000575	194
000575	194
000575	194
000575	194
000580	195
000580	195
000580	195
000580	195
000580	195
000580	195
000585	196
000585	196
000585	196
000585	196
000585	196
000585	196
000590	197
000590	197
000590	197
000590	197
000590	197
000590	198
000595	198
000595	198
000595	198
000595	198
000595	198
000600	199
000600	199
000600	199
000600	199
000600	199
000605	200
000605	200
000605	200
000605	200
000605	200
000605	200
000610	201
000610	201
000610	201
000610	201
000610	201
000610	202
000610	202
000610	202
000615	202
000615	202
000615	202
000615	202
000620	203
000620	203
000620	203
000620	203
000625	203
000625	203
000625	204
000625	204
000625	204
000625	204
000625	204
000625	204
000630	204
000630	205
000630	205
000630	205
000630	205
000630	205
000635	205
000635	206
000635	206
000635	206
000635	206
000635	206
000635	206
000635	206
000635	206
000635	206
000635	206
000635	206
000640	207
000640	207
000640	207
000640	207
000640	207
000640	207
000640	207
000640	207
000640	207
000640	207
000640	207
000640	207
000640	208
000640	208
000640	208
000640	208
000640	208
000640	208
000640	208
000645	208
000645	208
000645	208
000645	208
000645	209
000645	209
000650	209
000650	209
000650	209
000650	209
000650	209
000650	210
000655	210
000655	210
000655	210
000655	210
000655	210
000660	210
000660	210
000660	210
000660	211
000660	211
000665	211
000665	211
000665	211
000665	212
000665	212
000670	212
000670	212
000670	212
000670	212
000670	212
000675	213
000675	213
000675	213
000675	213
000675	213
000680	214
000680	214
000680	214
000680	214
000685	214
000685	214
000685	215
000685	215
000685	215
000685	215
000690	215
000690	215
000690	216
000690	216
000690	216
000695	216
000695	216
000695	217
000695	217
000695	217
000700	217
000700	217
000700	217
000700	218
000705	218
000705	218
000705	218
000705	218
000705	218
000705	218
000710	218
000710	219
000710	219
000710	219
000715	219
000715	219
000715	219
000715	220
000715	220
000715	220
000715	220
000720	220
000720	220
000720	220
000720	220
000720	221
000720	221
000720	221
000725	221
000725	221
000725	221
000725	221
000725	222
000725	222
000725	222
000725	222
000730	222
000730	222
000730	222
000730	222
000730	223
000735	223
000735	223
000735	223
000735	223
000740	223
000740	224
000740	224
000740	224
000740	224
000740	224
000740	224
000745	224
000745	225
000745	225
000745	225
000745	225
000745	225
000750	225
000750	225
000750	226
000750	226
000755	226
000755	226
000755	226
000755	226
000760	226
000760	227
000760	227
000760	227
000760	227
000765	227
000765	227
000765	227
000765	228
000765	228
000770	228
000770	228
000770	228
000770	228
000770	228
000770	229
000775	229
000775	229
000775	229
000775	229
000775	229
000775	230
000780	230
000780	230
000780	230
000780	230
000780	230
000785	230
000785	230
000785	231
000785	231
000785	231
000790	231
000790	231
000790	231
000790	231
000790	232
000790	232
000790	232
000795	232
000795	232
000795	232
000795	232
000795	232
000795	233
000800	233
000800	233
000800	233
000800	233
000800	233
000800	233
000800	233
000805	233
000805	234
000805	234
000805	234
000805	234
000805	234
000805	234
000805	234
000805	234
000810	234
000810	235
000810	235
000810	235
000810	235
000810	235
000815	235
000815	235
000815	235
000815	235
000815	236
000815	236
000820	236
000820	236
000820	236
000820	236
000820	236
000825	237
000825	237
000825	237
000825	237
000830	237
000830	237
000830	237
000830	238
000835	238
000835	238
000835	238
000835	238
000840	238
000840	239
000840	239
000840	239
000845	239
000845	239
000845	240
000850	240
000850	240
000850	240
000855	240
000855	241
000855	241
000855	241
000860	241
000860	241
000865	242
000865	242
000865	242
000870	242
000870	242
000870	243
000875	243
000875	243
000875	243
000880	243
000880	244
000880	244
000885	244
000885	244
000885	244
000890	245
000890	245
000890	245
000890	245
000895	245
000895	245
000895	246
000895	246
000900	246
000900	246
000900	246
000900	246
000900	247
000905	247
000905	247
000905	247
000905	247
000905	247
000905	247
000905	247
000910	248
000910	248
000910	248
000910	248
000910	248
000915	248
000915	248
000915	248
000915	248
000915	249
000915	249
000915	249
000915	249
000920	249
000920	249
000920	249
000920	249
000920	250
000925	250
000925	250
000925	250
000925	250
000925	250
000925	250
000930	250
000930	250
000930	250
000930	251
000930	251
000935	251
000935	251
000935	251
000935	251
000935	251
000940	251
000940	252
000940	252
000940	252
000945	252
000945	252
000950	253
000950	253
000950	253
000955	253
000955	253
000955	254
000960	254
000960	254
000965	254
000965	254
000965	254
000965	254
000970	255
000970	255
000970	255
000970	255
000975	255
000975	255
000975	255
000975	256
000980	256
000980	256
000980	256
000980	256
000980	256
000985	257
000985	257
000985	257
000990	257
000990	257
000990	257
000990	258
000995	258
000995	258
000995	258
000995	258
001000	258
001000	258
001000	258
001000	258
001000	259
001000	259
001005	259
001005	259
001005	259
001005	259
001005	259
001010	259
001010	260
001010	260
001010	260
001010	260
001015	260
001015	260
001015	260
001015	260
001020	261
001020	261
001020	261
001020	261
001020	261
001025	261
001025	261
001025	262
001025	262
001030	262
001030	262
001030	262
001030	262
001035	262
001035	262
001035	262
001035	263
001040	263
001040	263
001040	263
001040	263
001045	263
001045	263
001045	264
001050	264
001050	264
001050	264
001050	264
001055	264
001055	265
001055	265
001055	265
001060	265
001060	265
001060	265
001065	266
001065	266
001065	266
001065	266
001070	266
001070	266
001070	266
001075	267
001080	267
001080	267
001080	267
001080	267
001085	267
001085	267
001085	268
001085	268
001090	268
001090	268
001090	268
001095	268
001095	269
001095	269
001095	269
001100	269
001100	269
001100	269
001105	270
001105	270
001105	270
001105	270
001110	270
001110	270
001110	270
001115	271
001115	271
001115	271
001115	271
001120	271
001120	271
001120	271
001125	272
001125	272
001125	272
001130	272
001130	272
001130	272
001135	273
001135	273
001135	273
001135	273
001140	273
001140	273
001140	273
001140	274
001140	274
001140	274
001145	274
001145	274
001145	274
001150	274
001150	274
001150	274
001150	274
001150	275
001150	275
001155	275
001155	275
001155	275
001155	275
001155	275
001160	275
001160	275
001160	276
001160	276
001160	276
001165	276
001165	276
001165	276
001165	276
001170	276
001170	277
001170	277
001175	277
001175	277
001175	277
001180	277
001180	278
001180	278
001185	278
001185	278
001185	278
001190	278
001195	278
001195	279
001195	279
001200	279
001200	279
001205	279
001205	280
001210	280
001210	280
001215	280
001215	280
001215	281
001220	281
001220	281
001225	281
001225	281
001225	281
001230	282
001230	282
001230	282
001235	282
001235	282
001235	282
001240	282
001240	283
001240	283
001245	283
001245	283
001245	283
001250	283
001250	284
001250	284
001255	284
001255	284
001255	284
001255	284
001260	285
001260	285
001265	285
001265	285
001265	285
001270	286
001270	286
001270	286
001275	286
001275	286
001275	286
001280	286
001280	286
001280	287
001285	287
001285	287
001285	287
001290	287
001290	287
001290	288
001290	288
001295	288
001295	288
001295	288
001295	288
001300	288
001300	288
001300	288
001300	289
001300	289
001300	289
001300	289
001300	289
001305	289
001305	289
001305	289
001310	290
001310	290
001310	290
001310	290
001310	290
001315	290
001315	290
001315	290
001315	290
001320	290
001320	291
001320	291
001320	291
001325	291
001325	291
001325	291
001330	291
001330	291
001330	292
001330	292
001335	292
001335	292
001335	292
001335	292
001335	292
001340	292
001340	292
001340	293
001340	293
001340	293
001345	293
001345	293
001350	293
001350	293
001350	294
001355	294
001355	294
001355	294
001360	294
001360	294
001360	294
001360	294
001360	294
001365	295
001365	295
001370	295
001370	295
001370	295
001370	295
001375	295
001375	295
001375	296
001375	296
001375	296
001380	296
001380	296
001385	296
001385	296
001385	296
001390	297
001390	297
001390	297
001390	297
001395	297
001395	297
001395	297
001400	298
001400	298
001405	298
001405	298
001410	298
001410	298
001410	298
001415	299
001415	299
001415	299
001420	299
001420	299
001420	299
001420	300
001425	300
001425	300
001425	300
001430	300
001430	300
001430	300
001430	300
001435	300
001435	301
001435	301
001440	301
001440	301
001440	301
001440	301
001445	301
001445	302
001445	302
001445	302
001445	302
001450	302
001450	302
001450	302
001450	302
001450	302
001450	302
001455	302
001455	302
001455	303
001455	303
001455	303
001455	303
001455	303
001460	303
001460	303
001465	303
001465	304
001465	304
001470	304
001475	304
001475	304
001480	305
001480	305
001480	305
001485	305
001485	305
001490	305
001490	306
001495	306
001495	306
001495	306
001500	306
001500	306
001505	306
001505	307
001505	307
001510	307
001515	307
001515	307
001520	308
001520	308
001520	308
001525	308
001530	308
001530	309
001535	309
001535	309
001540	309
001545	310
001545	310
001545	310
001550	310
001550	310
001555	310
001555	311
001560	311
001560	311
001560	311
001565	311
001565	312
001565	312
001570	312
001570	312
001570	312
001575	312
001575	313
001580	313
001580	313
001580	313
001585	313
001585	314
001590	314
001590	314
001590	314
001590	314
001590	314
001595	314
001595	314
001595	315
001595	315
001600	315
001600	315
001600	315
001600	315
001600	315
001600	315
001605	315
001605	316
001605	316
001605	316
001605	316
001605	316
001605	316
001605	316
001605	316
001605	316
001610	316
001610	316
001610	316
001610	317
001610	317
001610	317
001610	317
001610	317
001610	317
001610	317
001610	317
001615	317
001615	317
001615	317
001615	318
001615	318
001615	318
001615	318
001615	318
001620	318
001620	318
001620	318
001620	318
001625	318
001625	318
001625	318
001625	318
001630	319
001630	319
001630	319
001630	319
001630	319
001630	319
001635	319
001635	319
001635	319
001635	319
001635	319
001635	320
001640	320
001640	320
001640	320
001640	320
001640	320
001640	320
001640	320
001640	320
001645	320
001645	320
001645	320
001645	320
001645	321
001645	321
001650	321
001650	321
001650	321
001655	321
001655	321
001655	321
001655	321
001655	322
001660	322
001660	322
001660	322
001665	322
001665	322
001665	322
001670	322
001670	322
001675	323
001675	323
001680	323
001685	323
001685	323
001690	324
001690	324
001690	324
001695	324
001695	324
001700	324
001700	325
001700	325
001700	325
001705	325
001705	325
001705	325
001710	325
001710	326
001710	326
001715	326
001715	326
001715	326
001720	327
001720	327
001720	327
001725	327
001725	327
001725	327
001730	327
001730	328
001730	328
001735	328
001735	328
001735	328
001735	328
001740	328
001740	329
001740	329
001740	329
001740	329
001740	329
001745	329
001745	329
001745	330
001745	330
001745	330
001750	330
001750	330
001750	330
001750	330
001755	330
001755	331
001755	331
001755	331
001760	331
001760	331
001760	331
001760	331
001760	331
001765	332
001765	332
001765	332
001765	332
001770	332
001770	332
001770	332
001770	333
001770	333
001775	333
001775	333
001780	333
001780	333
001780	334
001785	334
001785	334
001790	334
001790	334
001795	334
001800	335
001800	335
001800	335
001805	335
001805	335
001810	336
001810	336
001810	336
001815	336
001815	336
001815	337
001820	337
001825	337
001825	337
001825	337
001830	338
001830	338
001835	338
001840	338
001840	339
001845	339
001845	339
001845	339
001850	339
001850	339
001850	340
001855	340
001855	340
001855	340
001855	340
001860	340
001860	341
001860	341
001860	341
001860	341
001865	341
001865	341
001865	342
001870	342
001870	342
001870	342
001875	342
001875	342
001875	342
001875	343
001880	343
001880	343
001880	343
001880	343
001885	343
001885	343
001885	343
001885	344
001890	344
001890	344
001890	344
001890	344
001890	344
001890	344
001895	345
001895	345
001895	345
001895	345
001895	345
001900	345
001900	345
001900	345
001900	346
001905	346
001905	346
001905	346
001905	346
001905	346
001905	346
001905	346
001905	346
001905	346
001905	346
001905	346
001905	346
001905	346
001905	346
001905	347
001905	347
001905	347
001905	347
001905	347
001905	347
001905	347
001905	347
001905	347
001905	347
001905	347
001905	347
001905	347
001905	347
001905	347
001905	347
001905	347
001905	347
001905	348
001905	348
001905	348
001905	348
001905	348
001905	348
001905	348
001905	348
001905	348
001905	348
001905	348
001905	348
001905	348
001905	348
001910	348
001910	348
001910	349
001910	349
001910	349
001915	349
001915	349
001915	349
001920	349
001920	349
001920	349
001920	349
001920	349
001920	349
001920	349
001920	349
001920	349
001920	349
001920	349
001920	350
001920	350
001920	350
001920	350
001925	350
001925	350
001925	350
001925	350
001925	350
001925	350
001930	350
001930	350
001930	350
001935	350
001935	350
001935	350
001935	351
001935	351
001935	351
001935	351
001940	351
001940	351
001940	351
001940	351
001945	351
001945	351
001945	351
001945	351
001945	352
001950	352
001950	352
001955	352
001960	352
001960	352
001960	352
001960	353
001965	353
001970	353
001975	353
001975	353
001980	354
001985	354
001985	354
001985	354
001990	354
001990	354
001990	354
001995	354
001995	354
001995	355
002000	355
002000	355
002000	355
002000	355
002005	355
002005	355
002005	356
002005	356
002005	356
002010	356
002010	356
002010	356
002010	356
002010	357
002015	357
002015	357
002015	357
002015	357
002020	357
002020	357
002020	358
002020	358
002020	358
002025	358
002025	358
002025	358
002025	358
002030	358
002030	358
002030	359
002030	359
002030	359
002035	359
002035	359
002035	359
002035	359
002035	359
002040	360
002040	360
002040	360
002040	360
002040	360
002045	360
002045	360
002045	361
002045	361
002050	361
002050	361
002055	361
002055	361
002055	362
002060	362
002060	362
002060	362
002060	362
002060	362
002060	362
002060	362
002065	362
002065	362
002065	363
002065	363
002065	363
002070	363
002070	363
002070	363
002070	363
002070	363
002070	364
002070	364
002075	364
002075	364
002075	364
002075	364
002075	364
002080	364
002080	365
002080	365
002080	365
002085	365
002085	365
002085	365
002085	365
002090	366
002090	366
002090	366
002090	366
002090	366
002095	366
002095	366
002095	366
002095	366
002095	367
002100	367
002100	367
002100	367
002105	367
002105	367
002105	368
002110	368
002110	368
002110	368
002110	368
002115	368
002115	369
002115	369
002120	369
002120	369
002120	369
002125	369
002125	370
002125	370
002125	370
002125	370
002130	370
002130	370
002135	370
002135	370
002135	371
002135	371
002135	371
002140	371
002140	371
002140	371
002140	372
002140	372
002145	372
002145	372
002150	372
002150	373
002150	373
002150	373
002150	373
002155	373
002155	373
002155	374
002155	374
002155	374
002160	374
002160	374
002160	374
002160	374
002160	374
002160	374
002165	375
002165	375
002165	375
002165	375
002165	375
002165	375
002165	375
002170	375
002170	376
002170	376
002170	376
002170	376
002175	376
002175	376
002175	376
002175	377
002175	377
002175	377
002175	377
002175	377
002175	377
002175	377
002175	377
002175	377
002175	377
002175	377
002175	377
002175	378
002175	378
002170	378
002170	378
002170	378
002170	378
002170	378
002170	378
002170	378
002170	378
002170	378
002170	378
002170	378
002170	378
002170	378
002170	378
002170	378
002170	378
002170	378
002170	378
002170	378
002170	378
002170	379
002170	379
002165	379
002165	379
002165	379
002170	379
002170	379
002170	379
002170	379
002170	379
002175	379
002175	379
002175	379
002175	380
002180	380
002180	380
002180	380
002180	380
002185	380
002185	380
002185	380
002190	380
002190	380
002190	380
002190	380
002190	381
002195	381
002195	381
002195	381
002195	381
002200	381
002200	381
002200	381
002205	381
002205	381
002205	382
002210	382
002210	382
002210	382
002210	382
002215	382
002215	382
002215	382
002220	382
002220	383
002225	383
002225	383
002225	383
002230	383
002230	383
002230	384
002235	384
002235	384
002235	384
002240	384
002240	384
002245	384
002245	385
002250	385
002250	385
002255	385
002255	386
002260	386
002260	386
002260	386
002265	386
002270	386
002270	386
002270	387
002275	387
002275	387
002275	387
002275	387
002280	388
002280	388
002285	388
002285	388
002290	389
002290	389
002290	389
002295	389
002295	390
002295	390
002295	390
002300	390
002300	390
002300	391
002305	391
002305	391
002305	391
002305	391
002305	391
002310	392
002310	392
002310	392
002310	392
002310	392
002315	392
002315	392
002315	393
002315	393
002315	393
002315	393
002315	393
002315	393
002315	393
002315	393
002315	393
002315	394
002315	394
002315	394
002315	394
002315	394
002315	394
002315	394
002315	394
002315	394
002315	394
002315	394
002315	394
002315	395
002315	395
002315	395
002315	395
002315	395
002315	395
002320	395
002320	395
002320	396
002320	396
002325	396
002325	396
002325	396
002330	396
002330	396
002330	396
002330	397
002335	397
002335	397
002335	397
002335	397
002335	397
002340	397
002340	397
002340	397
002340	398
002340	398
002340	398
002340	398
002345	398
002345	398
002345	398
002345	398
002345	398
002345	398
002350	398
002350	399
002350	399
002350	399
002355	399
002355	399
002355	400
002360	400
002360	400
002365	400
002370	400
002375	401
002375	401
002380	401
002385	402
002385	402
002390	402
002390	402
002390	402
002395	402
002395	402
002395	403
002400	403
002400	403
002400	403
002400	403
002400	404
002400	404
002400	404
002405	404
002405	404
002405	404
002405	405
002405	405
002405	405
002410	405
002410	405
002410	406
002410	406
002410	406
002410	406
002415	406
002415	406
002415	406
002415	407
002415	407
002415	407
002415	407
002420	407
002420	407
002420	407
002420	408
002420	408
002420	408
002420	408
002420	408
002420	408
002420	408
002420	408
002420	409
002420	409
002420	409
002425	409
002425	409
002425	409
002425	409
002425	409
002425	410
002425	410
002425	410
002425	410
002425	410
002430	410
002430	410
002430	410
002435	411
002435	411
002435	411
002435	411
002440	411
002440	411
002445	411
002445	412
002450	412
002450	412
002450	412
002450	412
002455	412
002455	413
002455	413
002460	413
002460	413
002460	413
002460	413
002465	414
002465	414
002465	414
002465	414
002470	414
002470	414
002470	414
002470	415
002475	415
002475	415
002475	415
002480	415
002480	416
002485	416
002485	416
002485	416
002490	416
002490	416
002490	417
002490	417
002490	417
002495	417
002495	417
002495	417
002495	418
002495	418
002495	418
002495	418
002495	418
002495	418
002500	418
002500	419
002500	419
002500	419
002500	419
002500	419
002505	419
002505	420
002505	420
002505	420
002505	420
002510	420
002510	420
002510	421
002510	421
002510	421
002515	421
002515	421
002515	421
002515	422
002515	422
002520	422
002520	422
002520	422
002520	422
002520	422
002525	423
002525	423
002525	423
002525	423
002525	423
002525	423
002530	424
002530	424
002530	424
002530	424
002530	424
002530	424
002530	424
002530	425
002530	425
002530	425
002530	425
002530	425
002535	425
002535	425
002535	425
002535	426
002535	426
002535	426
002535	426
002535	426
002535	426
002535	426
002540	427
002540	427
002540	427
002540	427
002545	427
002545	427
002545	427
002545	428
002545	428
002545	428
002545	428
002550	428
002550	428
002550	428
002550	429
002550	429
002550	429
002555	429
002555	429
002555	430
002560	430
002560	430
002560	430
002565	430
002565	430
002565	431
002570	431
002570	431
002575	431
002575	431
002580	432
002580	432
002585	432
002585	432
002585	433
002590	433
002590	433
002590	433
002590	433
002595	433
002595	434
002595	434
002595	434
002595	434
002595	434
002595	434
002595	435
002595	435
002600	435
002600	435
002600	435
002600	435
002600	436
002600	436
002600	436
002600	436
002600	436
002600	436
002600	436
002600	437
002600	437
002600	437
002600	437
002600	437
002600	437
002600	437
002600	438
002600	438
002605	438
002605	438
002605	438
002605	438
002605	438
002605	438
002605	439
002605	439
002605	439
002605	439
002610	439
002610	439
002610	439
002610	439
002610	440
002610	440
002610	440
002610	440
002610	440
002605	440
002605	440
002605	440
002605	440
002605	441
002605	441
002605	441
002605	441
002605	441
002605	441
002605	441
002605	441
002605	441
002605	441
002605	442
002605	442
002610	442
002610	442
002610	442
002610	442
002610	442
002610	442
002610	442
002615	442
002615	442
002615	443
002615	443
002615	443
002615	443
002615	443
002615	443
002615	443
002615	443
002615	443
002615	444
002615	444
002615	444
002615	444
002615	444
002615	444
002615	444
002615	444
002620	445
002620	445
002620	445
002620	445
002620	445
002620	445
002620	445
002620	445
002620	445
002625	446
002625	446
002625	446
002625	446
002625	446
002630	446
002630	446
002630	446
002630	446
002630	446
002630	447
002635	447
002635	447
002635	447
002635	447
002640	447
002640	447
002640	448
002640	448
002640	448
002640	448
002640	448
002640	448
002645	448
002645	448
002645	449
002645	449
002645	449
002645	449
002645	449
002645	449
002650	449
002650	449
002650	450
002650	450
002650	450
002650	450
002655	450
002655	450
002655	450
002655	450
002655	450
002655	451
002655	451
002655	451
002655	451
002655	451
002660	451
002660	451
002660	451
002660	451
002660	452
002660	452
002660	452
002660	452
002660	452
002660	452
002660	452
002660	453
002660	453
002660	453
002660	453
002660	453
002665	453
002665	453
002665	454
002665	454
002665	454
002665	454
002670	454
002670	454
002670	454
002670	454
002670	454
002670	454
002670	454
002670	455
002670	455
002670	455
002670	455
002670	455
002670	455
002670	455
002665	455
002665	455
002665	455
002665	455
002665	456
002665	456
002665	456
002665	456
002665	456
002660	456
002660	456
002660	456
002660	456
002660	456
002660	456
002660	456
002660	456
002660	457
002660	457
002660	457
002660	457
002660	457
002660	457
002665	457
002665	457
002665	457
002665	458
002670	458
002670	458
002670	458
002670	458
002670	458
002675	458
002675	458
002675	458
002675	458
002680	458
002680	459
002680	459
002680	459
002680	459
002685	459
002685	459
002690	460
002690	460
002690	460
002690	460
002695	460
002695	460
002695	460
002700	461
002700	461
002700	461
002700	461
002705	461
002705	462
002705	462
002705	462
002710	462
002710	462
002710	462
002715	463
002715	463
002715	463
002715	463
002720	463
002720	464
002720	464
002720	464
002720	464
002720	464
002720	464
002725	465
002725	465
002725	465
002725	465
002725	466
002725	466
002725	466
002725	466
002725	466
002725	466
002725	466
002725	467
002725	467
002725	467
002725	467
002725	467
002725	467
002730	468
002730	468
002730	468
002730	468
002730	468
002730	469
002730	469
002730	469
002730	469
002730	469
002730	470
002730	470
002730	470
002730	470
002730	470
002730	470
002725	470
002725	470
002725	470
002725	470
002725	471
002725	471
002725	471
002720	471
002720	471
002720	471
002720	471
002715	471
002710	471
002710	471
002710	471
002710	472
002710	472
002710	472
002705	472
002705	472
002705	472
002705	472
002705	472
002705	472
002705	472
002705	472
002705	473
002705	473
002705	473
002705	473
002705	473
002705	473
002705	473
002710	473
002710	473
002710	474
002710	474
002710	474
002710	474
002710	474
002710	474
002710	474
002710	474
002710	474
002715	474
002715	474
002715	474
002715	475
002715	475
002715	475
002715	475
002715	475
002715	475
002715	475
002715	475
002715	475
002715	475
002715	475
002715	475
002715	476
002715	476
002715	476
002715	476
002715	476
002715	476
002715	476
002715	476
002715	476
002715	476
002715	476
002715	476
002715	477
002715	477
002715	477
002720	477
002720	477
002720	477
002720	477
002720	477
002725	478
002725	478
002725	478
002725	478
002725	478
002730	478
002730	478
002730	478
002730	478
002730	479
002735	479
002735	479
002735	479
002740	479
002740	479
002740	479
002745	480
002745	480
002745	480
002745	480
002745	480
002745	480
002750	480
002750	481
002750	481
002750	481
002750	481
002750	481
002750	481
002750	481
002750	482
002750	482
002750	482
002750	482
002750	482
002750	482
002750	482
002750	482
002750	482
002750	483
002750	483
002750	483
002750	483
002745	483
002745	483
002745	483
002745	483
002745	484
002745	484
002745	484
002745	484
002745	484
002745	484
002745	484
002745	484
002745	484
002745	485
002745	485
002745	485
002745	485
002740	485
002740	485
002740	485
002740	485
002740	485
002745	486
002740	486
002740	486
002740	486
002740	486
002740	486
002740	486
002735	486
002735	486
002735	486
002735	486
002735	486
002735	486
002735	486
002730	486
002730	486
002730	487
002730	487
002730	487
002730	487
002725	487
002725	487
002725	487
002725	487
002720	487
002720	487
002715	487
002715	487
002715	487
002715	487
002715	487
002715	487
002715	487
002715	488
002710	488
002710	488
002715	488
002715	488
002715	488
002715	488
002715	488
002715	488
002715	488
002715	488
002715	488
002715	489
002715	489
002720	489
002720	489
002720	489
002720	489
002720	489
002725	490
002725	490
002725	490
002725	490
002730	490
002730	490
002730	490
002730	490
002735	490
002735	490
002735	491
002735	491
002735	491
002740	491
002740	491
002740	491
002740	492
002740	492
002740	492
002745	492
002745	492
002745	492
002745	492
002745	493
002745	493
002745	493
002750	493
002750	493
002750	493
002750	494
002750	494
002750	494
002750	494
002750	494
002750	494
002755	494
002755	495
002755	495
002755	495
002755	495
002755	495
002755	495
002755	496
002755	496
002750	496
002750	496
002750	496
002750	496
002750	497
002750	497
002750	497
002750	497
002750	497
002750	497
002750	498
002750	498
002750	498
002745	498
002745	498
002745	498
002745	498
002745	498
002745	498
002745	498
002745	499
002745	499
002745	499
002745	499
002745	499
002745	499
002745	499
002745	500
002745	500
002745	500
002745	500
002745	500
002745	500
002745	500
002745	500
002745	501
002745	501
002745	501
002750	501
002750	501
002750	501
002750	501
002750	501
002750	502
002750	502
002750	502
002750	502
002750	502
002750	502
002750	502
002750	502
002750	502
002750	502
002750	502
002750	503
002750	503
002750	503
002750	503
002750	503
002750	503
002750	503
002750	503
002745	503
002745	503
002745	503
002745	503
002745	504
002740	504
002740	504
002740	504
002740	504
002740	504
002740	504
002740	504
002740	504
002740	504
002740	505
002740	505
002740	505
002740	505
002740	505
002740	505
002740	505
002740	505
002740	505
002740	506
002740	506
002745	506
002745	506
002745	506
002745	506
002745	506
002745	506
002745	506
002745	506
002745	506
002745	506
002745	506
002745	506
002745	507
002745	507
002745	507
002745	507
002745	507
002745	507
002745	507
002745	507
002745	507
002745	507
002745	507
002745	507
002745	507
002745	508
002745	508
002745	508
002745	508
002745	508
002745	508
002745	508
002745	508
002745	508
002745	508
002745	509
002750	509
002750	509
002750	509
002750	509
002750	509
002750	509
002755	510
002755	510
002760	510
002760	510
002760	510
002765	510
002765	510
002770	511
002770	511
002775	511
002775	511
002775	511
002780	512
002780	512
002780	512
002785	512
002785	512
002785	512
002785	513
002785	513
002790	513
002790	513
002790	513
002790	514
002790	514
002790	514
002790	514
002790	514
002790	514
002790	515
002790	515
002790	515
002790	515
002790	515
002790	516
002790	516
002790	516
002790	516
002790	516
002790	516
002785	517
002785	517
002785	517
002785	517
002785	517
002785	517
002785	517
002785	518
002785	518
002785	518
002785	518
002785	518
002785	518
002785	518
002785	518
002785	519
002785	519
002785	519
002785	519
002785	519
002785	519
002785	519
002785	519
002785	520
002785	520
002785	520
002780	520
002780	520
002780	520
002780	520
002780	521
002780	521
002780	521
002780	521
002780	521
002780	521
002780	521
002780	522
002780	522
002780	522
002780	522
002780	522
002780	522
002780	522
002780	522
002785	522
002785	523
002785	523
002785	523
002785	523
002785	523
002785	523
002785	523
002785	523
002785	524
002785	524
002785	524
002785	524
002785	524
002785	524
002785	524
002785	524
002785	525
002780	525
002780	525
002785	525
002785	525
002785	525
002785	525
002785	526
002785	526
002785	526
002785	526
002785	526
002790	526
002790	527
002790	527
002790	527
002790	527
002790	527
002790	527
002790	527
002790	528
002790	528
002790	528
002790	528
002790	528
002790	528
002790	528
002790	529
002790	529
002790	529
002790	529
002790	529
002790	530
002790	530
002790	530
002790	530
002790	530
002790	530
002790	530
002790	530
002790	531
002790	531
002790	531
002790	531
002790	531
002790	531
002790	531
002790	531
002790	532
002790	532
002790	532
002785	532
002785	532
002785	532
002785	532
002785	533
002785	533
002785	533
002785	533
002785	533
002785	533
002785	533
002785	533
002780	534
002780	534
002785	534
002785	534
002785	534
002785	534
002785	534
002785	534
002785	534
002780	534
002780	535
002780	535
002780	535
002780	535
002780	535
002780	535
002775	535
002775	535
002775	535
002775	535
002775	535
002775	535
002770	535
002770	536
002770	536
002765	536
002765	536
002765	536
002760	536
002760	536
002760	536
002760	536
002760	536
002755	536
002755	536
002755	536
002755	536
002755	536
002755	537
002755	537
002755	537
002755	537
002755	537
002755	537
002755	537
002755	537
002755	537
002755	537
002755	537
002755	537
002755	537
002750	537
002750	538
002750	538
002750	538
002755	538
002755	538
002755	538
002755	538
002755	538
002755	538
002755	538
002755	538
002755	538
002755	538
002755	538
002755	538
002760	539
002760	539
002760	539
002760	539
002760	539
002760	539
002760	539
002760	539
002760	539
002765	539
002765	540
002765	540
002765	540
002765	540
002765	540
002765	540
002765	540
002765	540
002765	540
002770	540
002770	541
002770	541
002770	541
002770	541
002770	541
002775	541
002775	541
002775	542
002780	542
002780	542
002780	542
002780	542
002780	542
002785	542
002785	542
002785	543
002785	543
002785	543
002790	543
002790	543
002790	543
002790	544
002790	544
002790	544
002790	544
002790	544
002795	544
002795	545
002795	545
002795	545
002795	545
002795	545
002795	545
002795	546
002795	546
002800	546
002800	546
002800	546
002800	546
002800	546
002800	547
002800	547
002800	547
002800	547
002800	547
002800	547
002800	548
002795	548
002795	548
002795	548
002795	548
002795	548
002795	549
002795	549
002795	549
002795	549
002795	549
002795	549
002795	550
002795	550
002795	550
002795	550
002795	550
002795	550
002795	550
002795	551
002795	551
002795	551
002795	551
002795	551
002795	551
002790	551
002790	551
002790	551
002790	552
002785	552
002785	552
002785	552
002785	552
002780	552
002780	552
002780	552
002780	552
002780	553
002780	553
002780	553
002780	553
002780	553
002780	553
002780	553
002780	553
002780	554
002780	554
002785	554
002785	554
002785	554
002785	554
002785	555
002790	555
002790	555
002790	555
002790	555
002790	555
002790	556
002790	556
002790	556
002790	556
002790	556
002790	556
002790	556
002790	557
002795	557
002795	557
002795	557
002795	557
002795	557
002795	558
002795	558
002795	558
002795	558
002795	558
002800	558
002800	558
002800	559
002800	559
002800	559
002800	559
002805	559
002805	560
002805	560
002805	560
002805	560
002810	561
002810	561
002810	561
002810	561
002810	561
002810	562
002810	562
002810	562
002810	562
002810	562
002810	562
002810	562
002810	563
002805	563
002805	563
002805	563
002805	563
002805	563
002805	563
002800	564
002800	564
002800	564
002800	564
002800	564
002800	564
002800	564
002800	565
002800	565
002800	565
002800	565
002800	565
002800	565
002800	565
002800	565
002800	566
002800	566
002795	566
002795	566
002795	566
002795	566
002795	566
002795	566
002795	566
002795	566
002790	566
002790	566
002790	566
002790	566
002785	567
002785	567
002785	567
002785	567
002785	567
002780	567
002780	567
002775	567
002775	567
002775	567
002775	567
002775	567
002775	567
002770	567
002770	567
002770	567
002770	568
002770	568
002770	568
002775	568
002775	568
002775	568
002775	568
002775	568
002780	568
002780	569
002780	569
002780	569
002785	569
002785	569
002785	569
002785	569
002790	570
002790	570
002790	570
002795	570
002795	570
002795	570
002800	570
002800	570
002800	570
002800	571
002805	571
002805	571
002805	571
002810	571
002810	571
002810	572
002810	572
002810	572
002815	572
002815	573
002815	573
002815	573
002820	573
002820	573
002820	574
002820	574
002825	574
002825	574
002825	574
002825	574
002825	575
002825	575
002825	575
002825	575
002830	576
002830	576
002830	576
002830	576
002830	577
002830	577
002830	577
002830	577
002830	577
002825	578
002825	578
002825	578
002825	578
002825	578
002825	579
002825	579
002825	579
002825	579
002825	579
002825	579
002825	580
002820	580
002820	580
002820	580
002820	580
002820	580
002820	581
002820	581
002820	581
002820	581
002820	581
002825	582
002825	582
002825	582
002825	582
002825	582
002825	582
002820	582
002820	582
002820	583
002820	583
002820	583
002820	583
002820	583
002820	583
002820	583
002820	584
002820	584
002820	584
002820	584
002820	584
002815	584
002815	584
002815	584
002815	585
002815	585
002815	585
002815	585
002815	585
002815	586
002815	586
002815	586
002820	586
002820	586
002820	586
002820	586
002820	586
002820	586
002820	587
002815	587
002815	587
002815	587
002815	587
002820	588
002820	588
002820	588
002820	588
002825	589
002825	589
002825	589
002825	589
002825	589
002825	590
002825	590
002825	590
002830	590
002830	590
002830	591
002830	591
002835	591
002835	591
002840	592
002840	592
002840	592
002840	592
002845	592
002840	593
002840	593
002840	593
002840	593
002840	594
002840	594
002840	594
002840	594
002840	594
002840	595
002840	595
002840	595
002840	595
002840	595
002840	596
002835	596
002835	596
002835	596
002835	596
002830	596
002830	597
002830	597
002835	597
002835	597
002835	597
002835	598
002835	598
002835	598
002835	598
002830	598
002830	598
002830	598
002830	598
002825	599
002825	599
002825	599
002825	599
002825	599
002825	599
002820	599
002820	600
002820	600
002820	600
002820	600
002820	600
002820	600
002820	600
002820	600
002820	601
002820	601
002815	601
002815	601
002815	601
002815	601
002820	601
002820	602
002820	602
002820	602
002820	602
002820	602
002820	602
002820	602
002820	602
002820	602
002820	603
002820	603
002820	603
002820	603
002820	603
002820	603
002820	604
002820	604
002820	604
002820	604
002820	604
002820	604
002820	604
002820	605
002820	605
002820	605
002820	605
002820	605
002820	606
002825	606
002825	606
002825	606
002825	606
002825	606
002825	606
002825	607
002825	607
002825	607
002825	607
002825	607
002825	608
002825	608
002825	608
002825	608
002825	608
002825	608
002825	608
002825	609
002820	609
002820	609
002820	609
002820	609
002820	609
002820	609
002820	610
002820	610
002820	610
002820	610
002820	610
002820	610
002820	610
002820	611
002820	611
002820	611
002820	611
002820	611
002820	611
002820	611
002820	612
002820	612
002820	612
002820	612
002825	612
002825	612
002825	613
002825	613
002825	613
002825	613
002825	613
002825	613
002825	613
002825	614
002830	614
002830	614
002830	614
002830	614
002830	614
002830	614
002830	614
002830	615
002830	615
002830	615
002825	615
002825	615
002825	615
002825	615
002825	616
002825	616
002825	616
002825	616
002825	616
002825	616
002825	616
002825	617
002825	617
002825	617
002825	617
002825	617
002825	617
002825	617
002825	618
002825	618
002825	618
002825	618
002825	618
002825	618
002825	618
002825	619
002825	619
002825	619
002825	619
002830	619
002830	619
002830	620
002830	620
002830	620
002830	620
002830	620
002835	620
002835	621
002835	621
002840	621
002840	621
002840	621
002840	622
002840	622
002845	622
002845	622
002845	623
002845	623
002850	623
002850	623
002850	623
002850	624
002850	624
002850	624
002850	624
002850	624
002850	625
002850	625
002850	625
002850	625
002850	625
002850	626
002850	626
002845	626
002850	626
002850	626
002850	627
002850	627
002850	627
002850	627
002850	627
002850	627
002850	628
002850	628
002845	628
002845	628
002845	628
002845	629
002845	629
002845	629
002840	629
002840	629
002840	630
002840	630
002840	630
002845	630
002845	630
002845	630
002840	630
002840	630
002840	630
002835	630
002835	631
002830	631
002830	631
002830	631
002830	631
002825	631
002820	631
002820	632
002820	632
002825	632
002825	632
002825	632
002825	632
002825	632
002825	632
002820	632
002820	632
002820	632
002815	633
002815	633
002810	633
002810	633
002810	633
002810	633
002815	633
002815	633
002815	634
002815	634
002815	634
002815	634
002815	634
002815	634
002815	634
002815	634
002810	634
002810	634
002810	635
002810	635
002815	635
002815	635
002815	635
002815	635
002815	635
002820	635
002820	635
002820	636
002820	636
002815	636
002815	636
002815	636
002815	636
002815	636
002820	637
002820	637
002820	637
002820	637
002820	637
002825	637
002825	637
002825	637
002825	638
002825	638
002825	638
002825	638
002820	638
002820	638
002825	638
002825	639
002825	639
002825	639
002830	639
002830	639
002830	639
002830	640
002835	640
002835	640
002835	640
002835	640
002835	641
002835	641
002835	641
002835	641
002840	641
002840	642
002840	642
002840	642
002840	642
002845	642
002845	642
002840	642
002840	642
002840	643
002840	643
002840	643
002840	643
002835	643
002835	644
002835	644
002835	644
002835	644
002835	644
002840	645
002840	645
002840	645
002840	645
002840	645
002840	645
002840	646
002840	646
002840	646
002840	646
002840	646
002840	647
002840	647
002840	647
002845	647
002845	647
002845	647
002845	648
002845	648
002845	648
002840	648
002840	648
002840	649
002840	649
002840	649
002840	649
002845	650
002845	650
002845	650
002850	650
002850	650
002850	651
002855	651
002860	651
002860	652
002860	652
002865	653
002865	653
002870	654
002870	654
002875	654
002880	655
002880	655
002885	656
002890	657
002890	657
002890	658
002895	658
002895	659
002900	659
002900	660
002900	661
002900	662
002900	662
002900	663
002905	664
002905	665
002905	666
002910	666
002910	667
002910	667
002910	668
002910	669
002910	670
002910	670
002915	671
002915	672
002915	673
002915	674
002920	675
002920	676
002925	677
002925	678
002930	680
002930	681
002930	682
002935	683
002935	684
002935	685
002935	686
002935	687
002935	688
002935	689
002935	690
002935	691
002935	692
002935	694
002940	695
002940	696
002940	697
002945	698
002945	699
002945	700
002945	702
002945	703
002945	704
002945	706
002945	707
002950	708
002950	710
002950	711
002955	713
002960	715
002960	717
002960	718
002965	720
002965	722
002965	723
002965	725
002965	726
002970	728
002970	730
002970	732
002970	733
002970	735
002970	737
002970	739
002970	740
002970	742
002970	744
002970	746
002970	748
002970	750
002970	752
002970	754
002970	756
002975	758
002975	760
002975	762
002975	763
002980	766
002980	768
002980	770
002980	772
002985	774
002985	776
002985	778
002990	780
002990	782
002990	784
002990	786
002995	788
003000	790
003000	793
003000	795
003000	797
003005	799
003005	802
003010	804
003010	807
003010	809
003015	811
003015	814
003015	816
003015	819
003015	822
003020	824
003020	827
003020	830
003020	832
003020	835
003020	838
003020	841
003020	844
003020	846
003020	849
003020	852
003025	856
003030	859
003030	862
003035	871
003040	874
003045	878
003045	884
003045	888
003050	891
003055	895
003055	898
003055	902
003060	906
003060	909
003065	913
003065	917
003065	921
003070	925
003070	929
003070	932
003075	936
003075	941
003075	945
003075	949
003080	953
003080	957
003080	961
003085	966
003090	970
003095	979
003095	983
003100	987
003105	992
003105	996
003110	1001
003115	1006
003115	1010
003120	1014
003120	1019
003125	1024
003130	1028
003130	1033
003130	1038
003135	1043
003135	1047
003135	1052
003140	1062
003140	1067
003140	1072
003145	1077
003145	1082
003145	1087
003145	1092
003145	1102
003140	1107
003140	1112
003140	1118
003140	1123
003140	1128
003140	1133
003140	1138
003140	1143
003135	1153
003135	1158
003135	1164
003135	1169
003135	1175
003135	1180
003135	1185
003135	1191
003140	1196
003140	1202
003140	1207
003145	1212
003150	1217
003150	1222
003150	1227
003160	1232
003160	1238
003165	1243
003175	1248
003175	1255
003175	1259
003175	1265
003180	1270
003185	1276
003185	1282
003185	1288
003185	1294
003190	1300
003190	1305
003190	1311
003195	1317
003195	1322
003195	1328
003205	1334
003205	1340
003205	1347
003210	1351
003210	1357
003210	1363
003215	1375
003220	1381
003220	1387
003220	1393
003220	1398
003225	1404
003225	1416
003230	1428
003230	1434
003230	1440
003230	1446
003230	1452
003235	1458
003240	1465
003240	1471
003240	1477
003240	1484
003240	1490
003245	1497
003245	1503
003245	1510
003245	1517
003245	1523
003250	1537
003250	1543
003250	1551
003260	1557
003260	1563
003265	1570
003270	1577
003270	1584
003275	1591
003280	1598
003285	1605
003285	1612
003290	1619
003290	1626
003290	1633
003300	1640
003300	1647
003305	1654
003305	1662
003315	1668
003320	1675
003320	1682
003325	1690
003325	1697
003330	1705
003340	1712
003345	1719
003345	1727
003345	1735
003345	1743
003350	1751
003355	1759
003355	1768
003355	1776
003360	1784
003365	1793
003370	1800
003370	1808
003380	1823
003385	1831
003385	1839
003390	1846
003400	1853
003405	1861
003410	1869
003410	1876
003420	1885
003425	1893
003440	1910
003440	1919
003445	1927
003450	1937
003455	1944
003460	1953
003465	1961
003470	1969
003475	1977
003480	1984
003480	1992
003490	2000
003490	2009
003495	2018
003495	2027
003505	2036
003505	2045
003510	2054
003515	2066
003520	2074
003525	2083
003535	2092
003535	2101
003540	2111
003545	2120
003550	2129
003555	2148
003555	2156
003560	2165
003575	2174
003575	2183
003575	2192
003585	2201
003590	2211
003590	2221
003595	2231
003600	2241
003605	2251
003605	2261
003615	2270
003615	2280
003620	2288
003625	2298
003630	2307
003635	2317
003635	2327
003640	2337
003640	2346
003645	2355
003645	2364
003660	2374
003660	2383
003660	2394
003660	2403
003670	2413
003675	2422
003680	2432
003685	2442
003695	2453
003695	2462
003695	2472
003700	2481
003705	2490
003705	2499
003705	2509
003710	2519
003720	2530
003725	2541
003725	2551
003725	2562
003730	2573
003740	2583
003745	2594
003745	2604
003745	2613
003750	2623
003755	2633
003760	2642
003765	2652
003765	2662
003770	2672
003770	2682
003775	2692
003775	2702
003785	2713
003785	2723
003785	2733
003790	2743
003795	2753
003800	2763
003800	2774
003805	2783
003805	2792
003815	2802
003815	2812
003820	2822
003820	2833
003830	2843
003830	2854
003835	2865
003835	2875
003840	2886
003845	2897
003845	2907
003850	2917
003855	2926
003855	2936
003860	2966
003865	2977
003870	2987
003870	2997
003870	3008
003875	3018
003880	3028
003885	3042
003885	3049
003890	3058
003890	3069
003895	3078
003900	3088
003900	3098
003905	3117
003910	3128
003915	3139
003915	3149
003920	3159
003920	3170
003925	3180
003925	3191
003930	3201
003935	3212
003935	3222
003935	3233
003940	3243
003940	3253
003945	3263
003950	3273
003950	3283
003950	3293
003950	3303
003955	3314
003960	3325
003965	3337
003965	3348
003965	3359
003970	3370
003970	3380
003975	3389
003975	3399
003980	3408
003980	3418
003990	3428
003990	3439
003990	3449
003990	3460
003995	3472
003995	3483
004000	3494
004005	3505
004005	3516
004005	3526
004005	3536
004010	3546
004015	3555
004020	3574
004025	3583
004025	3593
004025	3603
004030	3613
004035	3624
004035	3635
004035	3646
004035	3656
004040	3667
004040	3678
004045	3688
004045	3699
004045	3709
004050	3719
004050	3729
004055	3738
004055	3747
004060	3767
004065	3778
004065	3788
004065	3799
004070	3809
004070	3819
004070	3829
004075	3839
004075	3849
004075	3859
004080	3868
004085	3879
004085	3889
004090	3898
004090	3908
004090	3918
004095	3928
004095	3938
004100	3948
004100	3958
004100	3968
004105	3978
004105	3988
004105	3999
004110	4009
004110	4019
004110	4029
004115	4037
004115	4047
004115	4067
004120	4077
004125	4098
004125	4109
004130	4120
004130	4130
004130	4140
004135	4150
004135	4160
004135	4170
004140	4181
004140	4190
004140	4199
004145	4210
004145	4218
004145	4228
004150	4238
004150	4248
004150	4258
004155	4268
004155	4278
004155	4289
004155	4299
004160	4309
004160	4319
004160	4330
004160	4340
004165	4350
004170	4359
004170	4372
004170	4378
004175	4389
004175	4400
004180	4410
004180	4421
004180	4432
004180	4453
004185	4473
004185	4482
004190	4492
004190	4499
004190	4509
004195	4519
004195	4528
004195	4538
004195	4549
004200	4560
004200	4571
004200	4583
004205	4594
004205	4606
004205	4616
004205	4626
004210	4636
004215	4646
004215	4654
004215	4664
004215	4674
004220	4685
004220	4695
004225	4717
004225	4728
004225	4738
004225	4750
004225	4760
004230	4771
004230	4782
004230	4792
004230	4802
004230	4812
004235	4821
004235	4831
004240	4840
004240	4850
004240	4860
004240	4870
004240	4881
004245	4892
004245	4902
004245	4913
004245	4923
004250	4933
004250	4942
004250	4951
004250	4960
004250	4969
004255	4979
004255	5000
004260	5010
004260	5021
004260	5032
004260	5043
004260	5054
004260	5064
004265	5075
004265	5085
004265	5097
004265	5105
004270	5115
004270	5125
004270	5134
004270	5143
004275	5153
004275	5163
004275	5174
004280	5183
004280	5193
004280	5204
004280	5214
004280	5224
004285	5234
004285	5244
004285	5254
004285	5263
004285	5272
004290	5282
004290	5291
004290	5301
004290	5313
004290	5322
004290	5333
004295	5343
004295	5356
004295	5364
004300	5374
004300	5385
004300	5395
004300	5405
004300	5414
004300	5424
004300	5433
004305	5443
004305	5453
004305	5463
004305	5473
004305	5483
004310	5504
004310	5514
004310	5525
004310	5535
004315	5546
004315	5556
004315	5567
004315	5576
004315	5584
004315	5593
004315	5603
004315	5613
004320	5623
004320	5634
004320	5645
004320	5655
004320	5666
004320	5677
004325	5687
004325	5698
004325	5708
004330	5728
004330	5737
004330	5746
004330	5757
004330	5767
004330	5777
004330	5788
004330	5796
004335	5806
004335	5816
004335	5847
004335	5858
004340	5868
004340	5879
004340	5889
004340	5899
004340	5918
004340	5928
004340	5938
004340	5948
004345	5959
004345	5970
004345	5981
004345	5992
004345	6003
004350	6014
004350	6024
004350	6034
004350	6045
004350	6063
004350	6072
004355	6082
004355	6093
004355	6102
004355	6113
004355	6123
004355	6134
004355	6144
004355	6154
004360	6165
004360	6178
004360	6186
004360	6197
004360	6207
004360	6217
004360	6226
004360	6236
004365	6246
004365	6257
004365	6268
004365	6279
004365	6300
004365	6321
004365	6332
004370	6342
004370	6352
004370	6362
004370	6372
004370	6381
004370	6391
004370	6401
004370	6411
004375	6422
004375	6432
004375	6442
004375	6453
004375	6463
004375	6473
004375	6483
004375	6494
004375	6503
004380	6513
004380	6523
004380	6532
004380	6542
004380	6551
004380	6561
004380	6571
004380	6582
004380	6592
004380	6602
004380	6613
004380	6623
004385	6634
004385	6644
004385	6654
004385	6664
004385	6674
004385	6683
004385	6693
004385	6703
004385	6713
004385	6723
004385	6734
004390	6754
004390	6763
004390	6774
004390	6784
004390	6794
004390	6804
004390	6814
004390	6824
004390	6852
004390	6862
004395	6872
004395	6882
004395	6893
004395	6902
004395	6913
004395	6923
004395	6934
004395	6944
004395	6955
004395	6964
004395	6974
004400	6984
004400	6994
004400	7004
004400	7013
004400	7023
004400	7033
004400	7043
004400	7053
004400	7063
004400	7074
004400	7084
004400	7094
004400	7104
004400	7114
004405	7125
004405	7135
004405	7146
004405	7155
004405	7165
004405	7175
004405	7185
004405	7195
004405	7205
004405	7215
004405	7225
004405	7236
004405	7246
004405	7256
004405	7268
004410	7277
004410	7287
004410	7297
004410	7317
004410	7327
004410	7338
004410	7347
004410	7358
004410	7368
004410	7378
004410	7389
004410	7400
004410	7409
004410	7420
004410	7430
004410	7440
004410	7450
004415	7460
004415	7470
004415	7480
004415	7490
004415	7500
004415	7520
004415	7531
004415	7541
004415	7552
004415	7562
004415	7572
004415	7582
004415	7593
004415	7603
004415	7613
004415	7623
004415	7633
004415	7654
004415	7664
004415	7674
004420	7685
004420	7695
004420	7705
004420	7726
004420	7736
004420	7746
004420	7757
004420	7787
004420	7797
004420	7807
004420	7817
004420	7827
004420	7837
004420	7848
004420	7857
004420	7868
004420	7878
004420	7888
004420	7898
004420	7908
004420	7918
004420	7928
004420	7938
004420	7948
004420	7958
004420	7968
004420	7978
004420	7988
004420	7998
004420	8008
004420	8019
004420	8029
004420	8039
004425	8059
004425	8069
004425	8079
004425	8089
004425	8099
004425	8109
004425	8119
004425	8129
004425	8139
004425	8149
004425	8159
004425	8169
004425	8179
004425	8190
004425	8199
004425	8209
004425	8219
004425	8229
004425	8239
004425	8249
004425	8261
004425	8269
004425	8279
004425	8289
004425	8299
004425	8309
004425	8318
004425	8331
004425	8339
004425	8349
004425	8359
004425	8370
004425	8379
004425	8400
004425	8410
004425	8420
004425	8431
004425	8440
004425	8450
004425	8471
004425	8481
004425	8492
004425	8502
004425	8512
004425	8523
004425	8532
004425	8542
004425	8552
004425	8562
004425	8572
004425	8582
004425	8592
004425	8612
004425	8621
004425	8641
004425	8651
004425	8661
004425	8671
004425	8682
004425	8692
004425	8702
004425	8712
004425	8723
004425	8733
004425	8743
004425	8753
004425	8774
004425	8794
004425	8804
004425	8814
004425	8824
004425	8835
004425	8845
004425	8855
004425	8865
004425	8875
004425	8886
004425	8898
004425	8906
004425	8916
004425	8926
004425	8937
004425	8947
004425	8957
004425	8968
004425	8978
004425	8989
004425	8999
004425	9009
004425	9020
004425	9030
004425	9040
004425	9050
004425	9060
004425	9070
004425	9081
004425	9091
004425	9101
004420	9111
004420	9121
004420	9131
004420	9141
004420	9152
004420	9162
004420	9172
004420	9182
004420	9192
004420	9203
004420	9213
004420	9223
004420	9233
004420	9243
004420	9254
004420	9264
004420	9274
004420	9284
004420	9294
004420	9304
004420	9314
004420	9324
004420	9335
004420	9344
004415	9354
004415	9364
004415	9375
004415	9385
004415	9395
004415	9405
004415	9415
004415	9425
004415	9435
004415	9445
004415	9455
004415	9465
004415	9475
004415	9485
004415	9495
004415	9505
004410	9515
004410	9525
004410	9535
004410	9545
004410	9555
004410	9565
004410	9576
004410	9586
004410	9596
004410	9606
004410	9618
004410	9626
004405	9636
004405	9647
004405	9657
004405	9667
004405	9678
004405	9687
004405	9697
004405	9707
004400	9717
004400	9727
004400	9737
004400	9747
004400	9757
004400	9767
004400	9777
004395	9787
004395	9797
004395	9807
004395	9817
004395	9827
004390	9837
004385	9848
004385	9858
004380	9871
004380	9878
004375	9888
004375	9898
004370	9908
004355	9919
004350	9929
004340	9941
004330	9949
004300	9959
004300	9970
004255	9980
004240	9990
004200	10001
004150	10011
004090	10021
004025	10032
003985	10042
003945	10052
003855	10063
003750	10074
003560	10085
003490	10096
003405	10125
003220	10138
003050	10147
002115	10156
001820	10165
001595	10175
001510	10184
001240	10193
000970	10202
000690	10212
000690	10222
000415	10231
000415	10241
-00035	10251
-00035	10261
-00035	10271
-00035	10282
-00035	10292
-00035	10302
-00035	10312
-00035	10323
-00035	10333
-00035	10343
-00035	10354
-00035	10365
-00035	10375
-00035	10385
-00035	10395
-00035	10405
-00035	10415
-00035	10425
-00035	10435
-00035	10445
-00035	10456
-00035	10466
-00035	10476
-00035	10487
-00035	10518
-00035	10529
-00035	10539
-00035	10549
-00035	10560
-00035	10570
-00035	10581
-00035	10594
-00035	10602
-00035	10612
-00035	10623
-00035	10633
-00035	10643
-00035	10654
-00035	10664
-00035	10674
-00035	10685
-00035	10696
-00035	10705
-00035	10716
-00035	10726
-00035	10736
-00035	10746
-00035	10757
-00035	10767
-00035	10778
-00035	10788
-00035	10799
-00035	10809
-00035	10819
-00035	10829
-00035	10840
-00035	10850
-00035	10860
-00035	10869
-00035	10880
-00035	10891
-00035	10901
-00035	10911
-00035	10922
-00035	10932
-00035	10952
-00035	10963
-00035	10973
-00035	10984
-00035	10993
-00035	11003
-00035	11014
-00035	11024
-00035	11033
-00035	11045
